# 114 motifs
#
# This library was provided courtesy of Tim Hughes on June 5, 2009.
#
# A library of yeast transcription factor motifs reveals a widespread function 
#    for Rsc3 in targeting nucleosome exclusion at promoters.
# Badis G, Chan ET, van Bakel H, Pena-Castillo L, Tillo D, Tsui K, Carlson CD, 
#    Gossett AJ, Hasinoff MJ, Warren CL, Gebbia M, Talukder S, Yang A, 
#    Mnaimneh S, Terterov D, Coburn D, Li Yeo A, Yeo ZX, Clarke ND, Lieb JD, 
#    Ansari AZ, Nislow C, Hughes TR.
# Mol Cell. 2008 Dec 26;32(6):878-87.

/NAME=[Badis] ABF1_TRH1 TYPE=PSFM SPECIES=S.cer
0.108156	0.41312	0.037234	0.441489
0.001773	0.987588	0.001773	0.008865
0.001773	0.001773	0.99468	0.001773
0.001773	0.001773	0.001773	0.99468
0.406028	0.171985	0.221631	0.200354
0.221631	0.235815	0.257092	0.28546
0.391843	0.157801	0.278368	0.171985
0.342198	0.179078	0.200354	0.278368
0.398936	0.207446	0.242907	0.150709
0.41312	0.001773	0.583333	0.001773
0.115248	0.25	0.086879	0.547872
0.001773	0.001773	0.810283	0.18617
0.916666	0.079787	0.001773	0.001773
0.001773	0.448581	0.093971	0.455673
0.370567	0.221631	0.179078	0.228723
0.335106	0.179078	0.143617	0.342198

/NAME=[Badis] ABF2_TRH1 TYPE=PSFM SPECIES=S.cer
0.178571	0.392857	0.25	0.178571
0.089285	0.089285	0.017857	0.803571
0.0	1.0	0.0	0.0
0.0	0.0	0.0	1.0
1.0	0.0	0.0	0.0
0.0	0.0	1.0	0.0
0.946428	0.017857	0.017857	0.017857

/NAME=[Badis] ACE2_TRH1 TYPE=PSFM SPECIES=S.cer
0.445114	0.287353	0.214361	0.053172
0.00686	0.924112	0.063312	0.005716
0.0	1.0	0.0	0.0
0.897196	0.102804	0.0	0.0
0.0	0.0	1.0	0.0
0.0	1.0	0.0	0.0
0.489557	0.2005	0.174565	0.135378

/NAME=[Badis] ADR1_v1_TRH1 TYPE=PSFM SPECIES=S.cer
0.406675	0.24165	0.13067	0.221005
0.001273	0.996308	0.001304	0.001114
0.0	0.853403	0.0	0.146597
0.0	1.0	0.0	0.0
0.0	1.0	0.0	0.0
0.642138	0.059809	0.202811	0.095242
0.341301	0.505578	0.059999	0.093123

/NAME=[Badis] ADR1_v2_TRH1 TYPE=PSFM SPECIES=S.cer
0.190476	0.142857	0.142857	0.523809
0.72619	0.059523	0.059523	0.154761
0.0	1.0	0.0	0.0
0.0	1.0	0.0	0.0
0.0	1.0	0.0	0.0
0.0	1.0	0.0	0.0
0.714285	0.0	0.285714	0.0
0.238095	0.666666	0.047619	0.047619

/NAME=[Badis] AFT2_TRH1 TYPE=PSFM SPECIES=S.cer
0.083333	0.446969	0.265151	0.204545
0.696969	0.0	0.30303	0.0
0.0	1.0	0.0	0.0
1.0	0.0	0.0	0.0
0.0	1.0	0.0	0.0
0.0	1.0	0.0	0.0
0.0	1.0	0.0	0.0
0.090909	0.424242	0.272727	0.212121

/NAME=[Badis] ASG1_TRH1 TYPE=PSFM SPECIES=S.cer
0.001396	0.755586	0.001396	0.24162
0.001396	0.99581	0.001396	0.001396
0.001396	0.001396	0.99581	0.001396
0.001396	0.001396	0.99581	0.001396
0.722067	0.113128	0.163407	0.001396
0.526536	0.001396	0.001396	0.47067

/NAME=[Badis] AZF1_TRH1 TYPE=PSFM SPECIES=S.cer
0.625	0.125	0.125	0.125
1.0	0.0	0.0	0.0
1.0	0.0	0.0	0.0
0.875	0.125	0.0	0.0
0.75	0.0	0.25	0.0
0.0	0.0	1.0	0.0
0.78125	0.15625	0.03125	0.03125
0.8125	0.0625	0.0625	0.0625
0.625	0.125	0.125	0.125

/NAME=[Badis] CAT8_TRH1 TYPE=PSFM SPECIES=S.cer
0.001633	0.995098	0.001633	0.001633
0.001633	0.995098	0.001633	0.001633
0.001633	0.001633	0.995098	0.001633
0.001633	0.001633	0.995098	0.001633
0.661764	0.125816	0.210784	0.001633
0.315359	0.178104	0.282679	0.223856

/NAME=[Badis] CBF1_TRH1 TYPE=PSFM SPECIES=S.cer
0.194444	0.083333	0.527777	0.194444
0.027777	0.916666	0.027777	0.027777
1.0	0.0	0.0	0.0
0.0	1.0	0.0	0.0
0.0	0.0	1.0	0.0
0.0	0.0	0.0	1.0
0.0	0.0	1.0	0.0
0.722222	0.166666	0.055555	0.055555

/NAME=[Badis] CEP3_TRH1 TYPE=PSFM SPECIES=S.cer
0.039473	0.565789	0.039473	0.355263
0.0	0.0	0.0	1.0
0.0	1.0	0.0	0.0
0.0	0.0	1.0	0.0
0.0	0.0	1.0	0.0
0.907894	0.013157	0.013157	0.065789
0.921052	0.026315	0.026315	0.026315
0.421052	0.210526	0.210526	0.157894

/NAME=[Badis] CHA4_TRH1 TYPE=PSFM SPECIES=S.cer
0.21875	0.052083	0.677083	0.052083
0.0	0.0	1.0	0.0
0.0	1.0	0.0	0.0
0.0	0.0	1.0	0.0
0.0	0.0	1.0	0.0
0.708333	0.0	0.291666	0.0
0.21875	0.010416	0.760416	0.010416
0.479166	0.104166	0.104166	0.3125

/NAME=[Badis] CIN5_TRH1 TYPE=PSFM SPECIES=S.cer
0.001488	0.001488	0.090773	0.90625
0.13244	0.072916	0.227678	0.566964
0.995535	0.001488	0.001488	0.001488
0.10863	0.537202	0.049107	0.305059
0.197916	0.15625	0.578869	0.066964
0.001488	0.001488	0.001488	0.995535
0.90625	0.090773	0.001488	0.001488
0.995535	0.001488	0.001488	0.001488
0.019345	0.138392	0.376488	0.465773
0.150297	0.697916	0.084821	0.066964

/NAME=[Badis] CRZ1_TRH1 TYPE=PSFM SPECIES=S.cer
0.201556	0.477983	0.177801	0.14266
0.286035	0.21704	0.172824	0.324101
0.366874	0.30201	0.221151	0.109965
0.631234	0.356441	0.006838	0.005487
0.0	0.0	1.0	0.0
0.0	1.0	0.0	0.0
0.003117	0.99072	0.003419	0.002743
0.421755	0.295015	0.071026	0.212205
0.074807	0.76413	0.082062	0.079001

/NAME=[Badis] CST6_TRH1 TYPE=PSFM SPECIES=S.cer
0.473684	0.105263	0.315789	0.105263
0.013157	0.013157	0.013157	0.960526
0.013157	0.013157	0.907894	0.065789
1.0	0.0	0.0	0.0
0.0	1.0	0.0	0.0
0.052631	0.0	0.947368	0.0
0.0	0.0	0.0	1.0
0.447368	0.289473	0.078947	0.18421
0.460526	0.144736	0.197368	0.197368

/NAME=[Badis] CUP9_TRH1 TYPE=PSFM SPECIES=S.cer
0.074627	0.104478	0.029851	0.791045
0.0	0.0	1.0	0.0
0.835821	0.0	0.089552	0.074627
0.014925	0.985075	0.0	0.0
0.910448	0.0	0.089552	0.0
0.0	0.641791	0.089552	0.268657
0.746269	0.149254	0.0	0.104478
0.402985	0.0	0.0	0.597015
0.38806	0.134328	0.029851	0.447761

/NAME=[Badis] DAL80_TRH1 TYPE=PSFM SPECIES=S.cer
0.111111	0.666666	0.055555	0.166666
0.0	0.0	1.0	0.0
1.0	0.0	0.0	0.0
0.0	0.0	0.0	1.0
1.0	0.0	0.0	0.0
0.902777	0.013888	0.013888	0.069444
0.027777	0.194444	0.75	0.027777

/NAME=[Badis] DAL82_TRH1 TYPE=PSFM SPECIES=S.cer
0.565789	0.144736	0.144736	0.144736
0.526315	0.105263	0.052631	0.315789
0.394736	0.026315	0.026315	0.552631
0.263157	0.105263	0.421052	0.210526
0.0	0.263157	0.0	0.736842
0.0	0.0	1.0	0.0
0.0	1.0	0.0	0.0
0.0	0.0	1.0	0.0
0.105263	0.68421	0.105263	0.105263

/NAME=[Badis] DOT6_TRH1 TYPE=PSFM SPECIES=S.cer
0.250434	0.425781	0.099392	0.224392
4.34E-4	4.34E-4	0.998697	4.34E-4
0.998697	4.34E-4	4.34E-4	4.34E-4
4.34E-4	4.34E-4	4.34E-4	0.998697
4.34E-4	4.34E-4	0.998697	4.34E-4

/NAME=[Badis] ECM22_TRH1 TYPE=PSFM SPECIES=S.cer
0.285714	0.357142	0.071428	0.285714
0.142857	0.071428	0.071428	0.714285
0.0	1.0	0.0	0.0
0.0	1.0	0.0	0.0
0.0	0.142857	0.857142	0.0
0.0	0.0	0.857142	0.142857
0.928571	0.0	0.071428	0.0

/NAME=[Badis] ECM23_TRH1 TYPE=PSFM SPECIES=S.cer
0.307624	0.254432	0.229609	0.208333
0.334219	0.249113	0.217198	0.199468
0.721631	0.108156	0.097517	0.072695
0.098404	0.02039	0.864361	0.016843
0.99734	8.86E-4	8.86E-4	8.86E-4
0.025709	8.86E-4	8.86E-4	0.972517
0.008865	0.89539	0.030141	0.065602
0.140957	0.187056	0.140957	0.531028
0.301418	0.230496	0.212765	0.255319
0.317375	0.25	0.246453	0.18617
0.302304	0.259751	0.22429	0.213652

/NAME=[Badis] EDS1_TRH1 TYPE=PSFM SPECIES=S.cer
0.142857	0.523809	0.142857	0.190476
0.0	0.0	1.0	0.0
0.0	0.0	1.0	0.0
1.0	0.0	0.0	0.0
0.761904	0.0	0.0	0.238095
0.47619	0.238095	0.095238	0.190476
1.0	0.0	0.0	0.0
0.821428	0.011904	0.011904	0.154761
0.154761	0.20238	0.107142	0.535714

/NAME=[Badis] FHL1_TRH1 TYPE=PSFM SPECIES=S.cer
0.0	0.1	0.9	0.0
1.0	0.0	0.0	0.0
0.0	1.0	0.0	0.0
0.0	0.0	1.0	0.0
0.0	1.0	0.0	0.0
0.9	0.0	0.0	0.1
0.475	0.275	0.175	0.075
0.55	0.15	0.15	0.15

/NAME=[Badis] FKH2_TRH1 TYPE=PSFM SPECIES=S.cer
0.125	0.0	0.875	0.0
0.0	0.0	0.0	1.0
1.0	0.0	0.0	0.0
1.0	0.0	0.0	0.0
1.0	0.0	0.0	0.0
0.0	1.0	0.0	0.0
1.0	0.0	0.0	0.0

/NAME=[Badis] FZF1_TRH1 TYPE=PSFM SPECIES=S.cer
0.0	1.0	0.0	0.0
0.0	0.0	0.0	1.0
1.0	0.0	0.0	0.0
0.0	0.0	0.0	1.0
0.0	1.0	0.0	0.0
1.0	0.0	0.0	0.0

/NAME=[Badis] GAT1_TRH1 TYPE=PSFM SPECIES=S.cer
0.125	0.4375	0.1875	0.25
0.171875	0.421875	0.046875	0.359375
0.0	0.0	1.0	0.0
1.0	0.0	0.0	0.0
0.0	0.0	0.0	1.0
1.0	0.0	0.0	0.0
1.0	0.0	0.0	0.0
0.03125	0.09375	0.84375	0.03125

/NAME=[Badis] GAT3_TRH1 TYPE=PSFM SPECIES=S.cer
0.64766	0.086257	0.203216	0.062865
0.084795	0.020467	0.880116	0.014619
0.91959	0.001461	0.001461	0.077485
0.119883	0.002923	0.008771	0.868421
0.029239	0.94152	0.011695	0.017543
0.059941	0.270467	0.042397	0.627192
0.514619	0.187134	0.181286	0.116959
0.283625	0.330409	0.21345	0.172514
0.323099	0.252923	0.211988	0.211988

/NAME=[Badis] GAT4_TRH1 TYPE=PSFM SPECIES=S.cer
0.355263	0.210526	0.236842	0.197368
0.30921	0.256578	0.177631	0.256578
0.802631	0.039473	0.118421	0.039473
0.029605	0.003289	0.963815	0.003289
0.976973	0.003289	0.003289	0.016447
0.003289	0.003289	0.003289	0.990131
0.003289	0.990131	0.003289	0.003289
0.046052	0.282894	0.032894	0.638157
0.398026	0.200657	0.226973	0.174342
0.286184	0.259868	0.233552	0.220394
0.332236	0.240131	0.213815	0.213815

/NAME=[Badis] GIS1_TRH1 TYPE=PSFM SPECIES=S.cer
0.408313	0.215159	0.124694	0.251834
0.0	0.97066	0.0	0.02934
0.0	1.0	0.0	0.0
0.0	1.0	0.0	0.0
0.0	0.872861	0.0	0.127139
0.0	0.0	0.0	1.0
0.486553	0.04401	0.151589	0.317848
0.459658	0.110024	0.156479	0.273839
0.322738	0.193154	0.183374	0.300733

/NAME=[Badis] GLN3_TRH1 TYPE=PSFM SPECIES=S.cer
4.53E-4	4.53E-4	0.998638	4.53E-4
0.998638	4.53E-4	4.53E-4	4.53E-4
4.53E-4	4.53E-4	4.53E-4	0.998638
0.74274	4.53E-4	4.53E-4	0.256352
0.613883	4.53E-4	0.269056	0.116606

/NAME=[Badis] GZF3_TRH1 TYPE=PSFM SPECIES=S.cer
0.178571	0.392857	0.017857	0.410714
0.0	0.0	1.0	0.0
1.0	0.0	0.0	0.0
0.0	0.0	0.0	1.0
1.0	0.0	0.0	0.0
0.732143	0.089286	0.0	0.178571
0.035714	0.375	0.589286	0.0
0.392857	0.178571	0.267857	0.160714

/NAME=[Badis] HAC1_TRH1 TYPE=PSFM SPECIES=S.cer
0.238636	0.056818	0.556818	0.147727
0.681818	0.318181	0.0	0.0
0.0	1.0	0.0	0.0
1.0	0.0	0.0	0.0
0.0	1.0	0.0	0.0
0.0	0.0	1.0	0.0
0.0	0.0	0.0	1.0
0.272727	0.181818	0.40909	0.136363

/NAME=[Badis] HAL9_TRH1 TYPE=PSFM SPECIES=S.cer
0.003676	0.98897	0.003676	0.003676
0.003676	0.003676	0.98897	0.003676
0.003676	0.003676	0.98897	0.003676
0.98897	0.003676	0.003676	0.003676
0.621323	0.003676	0.371323	0.003676

/NAME=[Badis] HAP1_TRH1 TYPE=PSFM SPECIES=S.cer
0.0	1.0	0.0	0.0
0.0	0.0	1.0	0.0
0.0	0.0	1.0	0.0
0.894736	0.0	0.105263	0.0
0.052631	0.263157	0.526315	0.157894
0.513157	0.039473	0.039473	0.407894
0.039473	0.039473	0.039473	0.881578
0.578947	0.105263	0.105263	0.210526

/NAME=[Badis] HCM1_TRH1 TYPE=PSFM SPECIES=S.cer
0.513075	0.160895	0.248858	0.077172
0.272549	0.07678	0.041351	0.60932
0.670105	0.315845	0.006581	0.007468
0.946809	0.053191	0.0	0.0
1.0	0.0	0.0	0.0
0.007021	0.855953	0.004388	0.132638
0.950104	0.017114	0.015356	0.017426
0.580307	0.170674	0.108697	0.140321

/NAME=[Badis] HMRA2_TRH1 TYPE=PSFM SPECIES=S.cer
0.0625	0.669642	0.0625	0.205357
0.535714	0.0	0.464285	0.0
0.035714	0.0	0.0	0.964285
0.0	0.0	1.0	0.0
0.0	0.0	0.0	1.0
0.928571	0.0	0.0	0.071428
0.875	0.017857	0.017857	0.089285
0.401785	0.080357	0.080357	0.4375

/NAME=[Badis] HSF1_TRH1 TYPE=PSFM SPECIES=S.cer
0.6875	0.125	0.125	0.0625
0.015625	0.015625	0.015625	0.953125
0.1875	0.0	0.8125	0.0
0.0	0.0	1.0	0.0
1.0	0.0	0.0	0.0
1.0	0.0	0.0	0.0
0.0625	0.5625	0.1875	0.1875
0.484375	0.109375	0.234375	0.171875

/NAME=[Badis] LEU3_DipChip_TRH1 TYPE=PSFM SPECIES=S.cer
1.0E-4	0.9997	1.0E-4	1.0E-4
1.0E-4	0.9997	1.0E-4	1.0E-4
1.0E-4	1.0E-4	0.5698	0.43
0.2	1.0E-4	0.35	0.4499
0.257425	0.336633	1.0E-4	0.40584
0.47	0.12	0.16	0.25
1.0E-4	0.6098	0.39	1.0E-4
1.0E-4	0.9997	1.0E-4	1.0E-4
1.0E-4	1.0E-4	0.9997	1.0E-4
1.0E-4	0.32	0.6798	1.0E-4

/NAME=[Badis] LYS14_TRH1 TYPE=PSFM SPECIES=S.cer
0.208333	0.486111	0.208333	0.097222
0.041666	0.819444	0.097222	0.041666
0.0	0.0	1.0	0.0
0.0	0.0	1.0	0.0
1.0	0.0	0.0	0.0
1.0	0.0	0.0	0.0
0.055555	0.0	0.0	0.944444
0.125	0.125	0.069444	0.680555

/NAME=[Badis] MBP1_TRH1 TYPE=PSFM SPECIES=S.cer
0.548894	0.095864	0.182402	0.17284
0.001401	0.995872	0.001506	0.001221
0.148289	0.0	0.851711	0.0
0.0	0.878327	0.0	0.121673
0.002335	0.017835	0.977795	0.002036
0.349175	0.172992	0.091376	0.386457
0.329496	0.304358	0.184759	0.181387

/NAME=[Badis] MET31_TRH1 TYPE=PSFM SPECIES=S.cer
0.375766	0.099693	0.375766	0.148773
0.203987	0.289877	0.302147	0.203987
0.136503	0.136503	0.179447	0.547546
0.001533	0.001533	0.995398	0.001533
0.001533	0.001533	0.001533	0.995398
0.001533	0.001533	0.995398	0.001533
0.001533	0.001533	0.995398	0.001533
0.001533	0.995398	0.001533	0.001533
0.099693	0.001533	0.694785	0.203987

/NAME=[Badis] MET32_TRH1 TYPE=PSFM SPECIES=S.cer
0.336119	0.464981	0.095446	0.103455
0.107714	0.051456	0.771861	0.068969
0.002152	0.993823	0.002177	0.001848
0.0	1.0	0.0	0.0
0.931034	0.034483	0.0	0.034483
0.002152	0.985203	0.002177	0.010468
0.635703	0.151037	0.119043	0.094217

/NAME=[Badis] MIG1_TRH1 TYPE=PSFM SPECIES=S.cer
0.320756	0.35371	0.146057	0.179476
0.010083	0.969378	0.011618	0.008921
0.0	1.0	0.0	0.0
0.0	1.0	0.0	0.0
0.0	1.0	0.0	0.0
0.460255	0.033741	0.498571	0.007434
0.047056	0.583022	0.298663	0.071259

/NAME=[Badis] MIG2_TRH1 TYPE=PSFM SPECIES=S.cer
0.014293	0.957087	0.016223	0.012397
0.0	1.0	0.0	0.0
0.0	1.0	0.0	0.0
0.0	1.0	0.0	0.0
0.359426	0.107529	0.520648	0.012397
0.045604	0.765758	0.130212	0.058427
0.361456	0.242841	0.241668	0.154035

/NAME=[Badis] MIG3_TRH1 TYPE=PSFM SPECIES=S.cer
0.007957	0.975933	0.009135	0.006976
0.0	0.939655	0.0	0.060345
0.0	1.0	0.0	0.0
0.0	1.0	0.0	0.0
0.412465	0.020831	0.552753	0.013951
0.053707	0.690994	0.165111	0.090188
0.40516	0.221607	0.230826	0.142406

/NAME=[Badis] MSN2_TRH1 TYPE=PSFM SPECIES=S.cer
0.603012	0.072891	0.323493	6.02E-4
6.02E-4	6.02E-4	0.998192	6.02E-4
6.02E-4	6.02E-4	0.998192	6.02E-4
6.02E-4	6.02E-4	0.998192	6.02E-4
6.02E-4	6.02E-4	0.998192	6.02E-4

/NAME=[Badis] MSN4_TRH1 TYPE=PSFM SPECIES=S.cer
0.831196	0.002136	0.164529	0.002136
0.002136	0.002136	0.993589	0.002136
0.002136	0.002136	0.993589	0.002136
0.002136	0.002136	0.993589	0.002136
0.002136	0.002136	0.985042	0.010683

/NAME=[Badis] NHP10_TRH1 TYPE=PSFM SPECIES=S.cer
0.2	0.1	0.6	0.1
0.075	0.775	0.075	0.075
0.0	1.0	0.0	0.0
0.0	0.0	1.0	0.0
0.0	0.0	1.0	0.0
0.0	0.0	1.0	0.0
0.0	0.0	1.0	0.0
0.675	0.075	0.175	0.075

/NAME=[Badis] OAF1_TRH1 TYPE=PSFM SPECIES=S.cer
0.107142	0.321428	0.107142	0.464285
0.0	1.0	0.0	0.0
0.0	0.0	1.0	0.0
0.0	0.0	1.0	0.0
0.571428	0.0	0.428571	0.0
0.071428	0.0	0.857142	0.071428
0.678571	0.035714	0.035714	0.25
0.142857	0.071428	0.071428	0.714285
0.571428	0.142857	0.142857	0.142857

/NAME=[Badis] PDR1_TRH1 TYPE=PSFM SPECIES=S.cer
0.083333	0.283333	0.15	0.483333
0.0	1.0	0.0	0.0
0.0	1.0	0.0	0.0
0.133333	0.0	0.866666	0.0
0.016666	0.883333	0.083333	0.016666
0.083333	0.016666	0.883333	0.016666
0.1	0.033333	0.833333	0.033333
0.616666	0.083333	0.216666	0.083333

/NAME=[Badis] PDR8_TRH1 TYPE=PSFM SPECIES=S.cer
0.384615	0.153846	0.384615	0.076923
0.0	1.0	0.0	0.0
0.0	0.0	1.0	0.0
0.0	0.0	1.0	0.0
1.0	0.0	0.0	0.0
0.076923	0.076923	0.846153	0.0
1.0	0.0	0.0	0.0
0.134615	0.057692	0.057692	0.75

/NAME=[Badis] PHD1_TRH1 TYPE=PSFM SPECIES=S.cer
0.358267	0.271653	0.192913	0.177165
0.094488	0.43307	0.3937	0.07874
0.374015	0.444881	0.153543	0.027559
0.003937	0.098425	0.003937	0.8937
0.001968	0.001968	0.994094	0.001968
0.001968	0.98622	0.001968	0.009842
0.911417	0.005905	0.068897	0.013779
0.07874	0.220472	0.362204	0.338582
0.216535	0.421259	0.224409	0.137795
0.322834	0.27559	0.212598	0.188976

/NAME=[Badis] PHO2_TRH1 TYPE=PSFM SPECIES=S.cer
0.516406	7.81E-4	0.075781	0.407031
0.116406	7.81E-4	7.81E-4	0.882031
0.997656	7.81E-4	7.81E-4	7.81E-4
0.563281	7.81E-4	7.81E-4	0.435156
0.228906	7.81E-4	7.81E-4	0.769531
0.628906	7.81E-4	7.81E-4	0.369531

/NAME=[Badis] PHO4_TRH1 TYPE=PSFM SPECIES=S.cer
0.065909	0.029545	0.902272	0.002272
0.056818	0.729545	0.029545	0.18409
0.38409	0.056818	0.556818	0.002272
0.002272	0.702272	0.002272	0.293181
0.275	0.002272	0.720454	0.002272
0.002272	0.438636	0.08409	0.475
0.020454	0.002272	0.911363	0.065909

/NAME=[Badis] PUT3_TRH1 TYPE=PSFM SPECIES=S.cer
0.09375	0.71875	0.09375	0.09375
0.020833	0.895833	0.020833	0.0625
0.0	1.0	0.0	0.0
0.0	0.0	1.0	0.0
0.0	0.0	1.0	0.0
0.0	0.0	1.0	0.0
0.520833	0.145833	0.1875	0.145833
0.458333	0.125	0.166666	0.25

/NAME=[Badis] RAP1_DipChip_TRH1 TYPE=PSFM SPECIES=S.cer
0.1833	0.688	0.1219	0.0068
0.984798	0.0042	0.0042	0.0068
0.0068	0.754275	0.0042	0.234723
0.0068	0.9748	0.0116	0.0068
0.0068	0.9013	0.0042	0.0877
0.70537	0.0042	0.268926	0.021502
0.168583	0.107189	0.077792	0.646435
0.72	0.0042	0.1366	0.1392
0.0068	0.9822	0.0042	0.0068
0.859785	0.129212	0.0042	0.0068

/NAME=[Badis] RDR1_TRH1 TYPE=PSFM SPECIES=S.cer
0.25	0.107142	0.107142	0.535714
0.0	0.0	1.0	0.0
0.0	1.0	0.0	0.0
0.0	0.0	1.0	0.0
0.0	0.0	1.0	0.0
1.0	0.0	0.0	0.0
0.857142	0.0	0.0	0.142857
0.267857	0.482142	0.125	0.125

/NAME=[Badis] RDS1_TRH1 TYPE=PSFM SPECIES=S.cer
0.013157	0.907894	0.013157	0.065789
0.0	0.105263	0.894736	0.0
0.0	0.0	1.0	0.0
0.0	0.842105	0.157894	0.0
0.0	0.947368	0.052631	0.0
0.0	0.105263	0.894736	0.0
0.315789	0.315789	0.315789	0.052631

/NAME=[Badis] RDS2_TRH1 TYPE=PSFM SPECIES=S.cer
0.342105	0.394736	0.18421	0.078947
0.0	0.0	0.0	1.0
0.0	1.0	0.0	0.0
0.0	0.0	1.0	0.0
0.0	0.0	1.0	0.0
0.118421	0.013157	0.855263	0.013157
0.171052	0.065789	0.697368	0.065789

/NAME=[Badis] REB1_TRH1_flipped TYPE=PSFM SPECIES=S.cer
0.3	0.1	0.5	0.1
0.0	0.0	0.0	1.0
0.0	0.0	0.0	1.0
1.0	0.0	0.0	0.0
0.0	1.0	0.0	0.0
0.0	1.0	0.0	0.0
0.0	1.0	0.0	0.0
0.0	0.0	0.6	0.4
0.15	0.15	0.55	0.15

/NAME=[Badis] REI1_TRH1 TYPE=PSFM SPECIES=S.cer
0.0	0.95238	0.0	0.047619
0.047619	0.95238	0.0	0.0
0.0	1.0	0.0	0.0
0.0	1.0	0.0	0.0
0.0	0.0	0.0	1.0
0.0	0.0	0.95238	0.047619
0.559523	0.083333	0.22619	0.130952

/NAME=[Badis] RFX1_TRH1 TYPE=PSFM SPECIES=S.cer
0.115384	0.26923	0.423076	0.192307
0.0	0.0	1.0	0.0
0.0	0.0	0.0	1.0
0.0	0.0	0.0	1.0
0.307692	0.0	0.692307	0.0
0.0	1.0	0.0	0.0
0.01923	0.480769	0.01923	0.480769
0.884615	0.038461	0.038461	0.038461

/NAME=[Badis] RGM1_TRH1 TYPE=PSFM SPECIES=S.cer
0.997148	9.5E-4	9.5E-4	9.5E-4
9.5E-4	9.5E-4	0.997148	9.5E-4
9.5E-4	9.5E-4	0.997148	9.5E-4
9.5E-4	9.5E-4	0.997148	9.5E-4
0.111216	0.118821	0.769011	9.5E-4

/NAME=[Badis] RGT1_TRH1 TYPE=PSFM SPECIES=S.cer
0.421687	0.13253	0.228916	0.216867
0.337349	0.096386	0.343373	0.222892
0.373494	0.0	0.0	0.626506
0.216867	0.018072	0.0	0.76506
0.26506	0.150602	0.174699	0.409639
0.295181	0.180723	0.042169	0.481928
0.0	0.120482	0.0	0.879518
0.0	1.0	0.0	0.0
0.0	1.0	0.0	0.0
0.036145	0.0	0.885542	0.078313
0.319277	0.126506	0.331325	0.222892

/NAME=[Badis] RIM101_TRH1 TYPE=PSFM SPECIES=S.cer
0.09375	0.427083	0.09375	0.385416
0.0	0.0	1.0	0.0
0.0	1.0	0.0	0.0
0.0	1.0	0.0	0.0
1.0	0.0	0.0	0.0
1.0	0.0	0.0	0.0
0.0	0.0	1.0	0.0

/NAME=[Badis] ROX1_TRH1 TYPE=PSFM SPECIES=S.cer
0.344005	0.180517	0.240463	0.235013
0.354904	0.153269	0.229564	0.262261
0.365803	0.191416	0.221389	0.221389
0.997956	6.81E-4	6.81E-4	6.81E-4
6.81E-4	0.997956	6.81E-4	6.81E-4
0.997956	6.81E-4	6.81E-4	6.81E-4
0.997956	6.81E-4	6.81E-4	6.81E-4
6.81E-4	6.81E-4	6.81E-4	0.997956

/NAME=[Badis] RPH1_TRH1 TYPE=PSFM SPECIES=S.cer
0.527777	0.138888	0.138888	0.194444
0.0	1.0	0.0	0.0
0.0	1.0	0.0	0.0
0.0	1.0	0.0	0.0
0.0	1.0	0.0	0.0
0.0	0.0	0.0	1.0
0.625	0.013888	0.069444	0.291666
0.736111	0.069444	0.069444	0.125

/NAME=[Badis] RPN4_TRH1 TYPE=PSFM SPECIES=S.cer
0.231907	0.001644	0.672697	0.09375
0.001644	0.001644	0.995065	0.001644
0.001644	0.001644	0.120065	0.876644
0.001644	0.001644	0.995065	0.001644
0.001644	0.001644	0.995065	0.001644
0.001644	0.995065	0.001644	0.001644
0.126644	0.001644	0.870065	0.001644

/NAME=[Badis] RSC30_TRH1 TYPE=PSFM SPECIES=S.cer
0.192307	0.5	0.192307	0.115384
0.153846	0.384615	0.461538	0.0
0.0	0.923076	0.076923	0.0
0.0	0.076923	0.923076	0.0
0.0	0.923076	0.076923	0.0
0.0	0.0	1.0	0.0
0.0	0.846153	0.153846	0.0
0.0	0.307692	0.692307	0.0

/NAME=[Badis] RSC3_TRH1 TYPE=PSFM SPECIES=S.cer
0.001748	0.910839	0.050699	0.036713
0.001748	0.001748	0.994755	0.001748
0.001748	0.994755	0.001748	0.001748
0.001748	0.001748	0.994755	0.001748
0.064685	0.547202	0.183566	0.204545
0.190559	0.302447	0.365384	0.141608
0.225524	0.260489	0.337412	0.176573

/NAME=[Badis] SIG1_TRH1 TYPE=PSFM SPECIES=S.cer
0.930147	0.018382	0.003676	0.047794
0.003676	0.003676	0.003676	0.98897
0.98897	0.003676	0.003676	0.003676
0.003676	0.003676	0.003676	0.98897
0.98897	0.003676	0.003676	0.003676

/NAME=[Badis] SIP4_TRH1 TYPE=PSFM SPECIES=S.cer
0.075949	0.481013	0.126582	0.316456
0.0	0.265823	0.0	0.734177
0.0	0.987342	0.0	0.012658
0.0	1.0	0.0	0.0
0.0	0.0	1.0	0.0
0.227848	0.0	0.632911	0.139241
0.582278	0.164557	0.253165	0.0

/NAME=[Badis] SKN7_TRH1 TYPE=PSFM SPECIES=S.cer
9.61E-4	9.61E-4	0.997115	9.61E-4
9.61E-4	9.61E-4	0.997115	9.61E-4
9.61E-4	0.997115	9.61E-4	9.61E-4
9.61E-4	0.835576	0.1625	9.61E-4
0.485576	0.147115	0.366346	9.61E-4
0.208653	0.177884	0.293269	0.320192

/NAME=[Badis] SOK2_TRH1 TYPE=PSFM SPECIES=S.cer
0.5	0.189655	0.155172	0.155172
0.146551	0.491379	0.181034	0.181034
0.405172	0.474137	0.094827	0.025862
0.043103	0.00862	0.043103	0.905172
0.043103	0.00862	0.939655	0.00862
0.043103	0.905172	0.00862	0.043103
0.974137	0.00862	0.00862	0.00862
0.051724	0.051724	0.5	0.396551
0.172413	0.206896	0.517241	0.103448
0.284482	0.318965	0.215517	0.181034
0.301724	0.232758	0.232758	0.232758

/NAME=[Badis] SRD1_TRH1 TYPE=PSFM SPECIES=S.cer
0.660646	0.08593	0.193842	0.059583
0.061909	0.017162	0.903906	0.017024
0.974138	0.0	0.0	0.025862
0.12931	0.0	0.017241	0.853448
0.002351	0.993525	0.001997	0.002128
0.04388	0.187352	0.029952	0.738816
0.463939	0.295011	0.127507	0.113544
0.244492	0.415463	0.17543	0.164615

/NAME=[Badis] STB4_TRH1 TYPE=PSFM SPECIES=S.cer
0.086956	0.434782	0.086956	0.391304
0.0	0.0	0.0	1.0
0.0	1.0	0.0	0.0
0.0	0.0	1.0	0.0
0.0	0.0	1.0	0.0
1.0	0.0	0.0	0.0
0.75	0.010869	0.010869	0.22826

/NAME=[Badis] STB5_TRH1 TYPE=PSFM SPECIES=S.cer
0.004629	0.986111	0.004629	0.004629
0.004629	0.004629	0.986111	0.004629
0.004629	0.004629	0.986111	0.004629
0.226851	0.189814	0.263888	0.319444
0.226851	0.226851	0.467592	0.078703
0.189814	0.24537	0.11574	0.449074
0.060185	0.11574	0.060185	0.763888
0.958333	0.013888	0.013888	0.013888

/NAME=[Badis] STE12_TRH1 TYPE=PSFM SPECIES=S.cer
0.416666	0.194444	0.194444	0.194444
0.0	0.0	0.0	1.0
0.0	0.0	1.0	0.0
1.0	0.0	0.0	0.0
1.0	0.0	0.0	0.0
1.0	0.0	0.0	0.0
0.0	1.0	0.0	0.0
0.805555	0.027777	0.138888	0.027777

/NAME=[Badis] STP3_TRH1 TYPE=PSFM SPECIES=S.cer
0.248913	0.092391	0.479347	0.179347
0.183695	0.418478	0.205434	0.192391
0.001086	0.001086	0.001086	0.996739
0.996739	0.001086	0.001086	0.001086
0.001086	0.001086	0.996739	0.001086
0.001086	0.996739	0.001086	0.001086
0.001086	0.001086	0.996739	0.001086
0.001086	0.644565	0.175	0.179347
0.448913	0.166304	0.188043	0.196739

/NAME=[Badis] STP4_TRH1 TYPE=PSFM SPECIES=S.cer
0.18625	0.11125	0.55625	0.14625
0.40125	0.28625	0.24125	0.07125
0.00125	0.00125	0.00125	0.99625
0.99625	0.00125	0.00125	0.00125
0.00125	0.00125	0.99625	0.00125
0.00125	0.99625	0.00125	0.00125
0.00125	0.00125	0.99625	0.00125
0.00125	0.73125	0.17125	0.09625
0.54125	0.15125	0.16125	0.14625

/NAME=[Badis] SUM1_TRH1 TYPE=PSFM SPECIES=S.cer
0.5	0.14	0.14	0.22
0.52	0.08	0.08	0.32
0.62	0.02	0.02	0.34
1.0	0.0	0.0	0.0
0.0	0.0	0.0	1.0
0.08	0.0	0.0	0.92
0.24	0.0	0.0	0.76
0.29	0.05	0.05	0.61
0.15	0.15	0.11	0.59

/NAME=[Badis] SWI4_TRH1 TYPE=PSFM SPECIES=S.cer
0.615384	0.076923	0.153846	0.153846
0.0	1.0	0.0	0.0
0.153846	0.0	0.846153	0.0
0.0	1.0	0.0	0.0
0.0	0.0	1.0	0.0
1.0	0.0	0.0	0.0
0.942307	0.01923	0.01923	0.01923
0.615384	0.076923	0.076923	0.230769

/NAME=[Badis] SWI5_TRH1 TYPE=PSFM SPECIES=S.cer
0.076923	0.076923	0.230769	0.615384
0.0	0.0	1.0	0.0
0.0	1.0	0.0	0.0
0.0	0.0	0.0	1.0
0.0	0.0	1.0	0.0
0.0	0.0	1.0	0.0
0.038461	0.038461	0.26923	0.653846
0.25	0.25	0.096153	0.403846

/NAME=[Badis] TBF1_TRH1 TYPE=PSFM SPECIES=S.cer
0.608631	0.11092	0.117262	0.163187
0.457553	0.113679	0.349068	0.0797
0.14816	0.838509	0.006819	0.006512
0.0	1.0	0.0	0.0
0.0	1.0	0.0	0.0
0.0	0.014085	0.0	0.985915
0.752237	0.083588	0.110525	0.05365
0.380439	0.186065	0.268113	0.165383

/NAME=[Badis] TBS1_TRH1 TYPE=PSFM SPECIES=S.cer
0.116666	0.783333	0.05	0.05
0.033333	0.033333	0.9	0.033333
0.016666	0.016666	0.95	0.016666
0.75	0.083333	0.083333	0.083333
0.2	0.133333	0.133333	0.533333
0.0	1.0	0.0	0.0
0.0	1.0	0.0	0.0
0.083333	0.083333	0.75	0.083333

/NAME=[Badis] TEA1_TRH1 TYPE=PSFM SPECIES=S.cer
0.05	0.05	0.75	0.15
0.0	1.0	0.0	0.0
0.0	0.0	1.0	0.0
0.0	0.4	0.6	0.0
0.5	0.0	0.5	0.0
0.0	0.8	0.2	0.0
0.6	0.0	0.1	0.3
0.15	0.2	0.05	0.6

/NAME=[Badis] TEC1_TRH1 TYPE=PSFM SPECIES=S.cer
0.522727	0.068181	0.340909	0.068181
0.0	0.954545	0.045454	0.0
1.0	0.0	0.0	0.0
0.045454	0.0	0.0	0.954545
0.0	0.0	0.0	1.0
0.0	0.90909	0.090909	0.0
0.0	0.681818	0.0	0.318181
0.102272	0.465909	0.147727	0.28409

/NAME=[Badis] TOS8_TRH1 TYPE=PSFM SPECIES=S.cer
0.278846	0.471153	0.201923	0.048076
0.009615	0.163461	0.009615	0.817307
0.0	0.0	1.0	0.0
0.0	0.0	0.0	1.0
0.0	1.0	0.0	0.0
1.0	0.0	0.0	0.0
0.64423	0.067307	0.067307	0.221153
0.5	0.153846	0.153846	0.192307

/NAME=[Badis] TYE7_TRH1 TYPE=PSFM SPECIES=S.cer
0.025	0.925	0.025	0.025
1.0	0.0	0.0	0.0
0.0	1.0	0.0	0.0
0.0	0.1	0.9	0.0
0.0	0.0	0.0	1.0
0.0	0.0	1.0	0.0
0.775	0.075	0.075	0.075

/NAME=[Badis] UGA3_TRH1 TYPE=PSFM SPECIES=S.cer
0.104166	0.4375	0.270833	0.1875
0.041666	0.291666	0.625	0.041666
0.0	0.0	1.0	0.0
0.0	1.0	0.0	0.0
0.0	0.0	1.0	0.0
0.0	0.0	1.0	0.0
0.020833	0.270833	0.6875	0.020833
0.854166	0.020833	0.020833	0.104166

/NAME=[Badis] UME6_TRH1 TYPE=PSFM SPECIES=S.cer
0.1875	0.4375	0.1875	0.1875
0.09375	0.65625	0.21875	0.03125
0.0	0.0	1.0	0.0
0.0	1.0	0.0	0.0
0.0	0.0	1.0	0.0
0.0	0.1875	0.8125	0.0
0.015625	0.515625	0.078125	0.390625
0.421875	0.109375	0.046875	0.421875
0.5625	0.125	0.1875	0.125

/NAME=[Badis] UPC2_TRH1 TYPE=PSFM SPECIES=S.cer
0.156931	0.252915	0.19415	0.396005
0.593216	0.027584	0.289317	0.089883
0.378413	0.003065	0.00298	0.615543
1.0	0.0	0.0	0.0
0.0	1.0	0.0	0.0
0.005119	0.004597	0.985719	0.004564
0.828455	0.049279	0.085756	0.036511

/NAME=[Badis] XBP1_TRH1 TYPE=PSFM SPECIES=S.cer
0.118605	0.506977	0.067442	0.306977
0.0	0.0	0.0	1.0
0.0	1.0	0.0	0.0
0.0	0.0	1.0	0.0
1.0	0.0	0.0	0.0
0.397674	0.076744	0.497674	0.027907
0.313953	0.22093	0.311628	0.153488

/NAME=[Badis] YAP3_TRH1 TYPE=PSFM SPECIES=S.cer
0.653846	0.192307	0.115384	0.038461
0.0	0.0	0.0	1.0
0.0	0.0	0.0	1.0
1.0	0.0	0.0	0.0
0.0	1.0	0.0	0.0
0.0	0.0	1.0	0.0
0.01923	0.01923	0.01923	0.942307
0.5	0.115384	0.192307	0.192307

/NAME=[Badis] YBL054W_TRH1 TYPE=PSFM SPECIES=S.cer
0.022727	0.931818	0.022727	0.022727
0.0	0.0	1.0	0.0
1.0	0.0	0.0	0.0
0.0	0.0	0.0	1.0
0.0	0.0	1.0	0.0
0.113636	0.477272	0.386363	0.022727
0.045454	0.5	0.40909	0.045454
0.113636	0.568181	0.204545	0.113636

/NAME=[Badis] YBR239C_TRH1 TYPE=PSFM SPECIES=S.cer
0.514705	0.102941	0.220588	0.161764
0.058823	0.470588	0.058823	0.411764
0.0	1.0	0.0	0.0
0.0	0.0	1.0	0.0
0.0	0.0	1.0	0.0
1.0	0.0	0.0	0.0
1.0	0.0	0.0	0.0
0.044117	0.632352	0.044117	0.279411

/NAME=[Badis] YDR520c_TRH1 TYPE=PSFM SPECIES=S.cer
0.246323	0.378676	0.109068	0.265931
0.001225	0.996323	0.001225	0.001225
0.001225	0.001225	0.996323	0.001225
0.001225	0.001225	0.996323	0.001225
0.736519	0.094362	0.167892	0.001225
0.226715	0.172794	0.462009	0.13848
0.56495	0.001225	0.001225	0.432598
0.143382	0.001225	0.001225	0.854166
0.9375	0.060049	0.001225	0.001225
0.36397	0.167892	0.148284	0.319852

/NAME=[Badis] YER130C_TRH1 TYPE=PSFM SPECIES=S.cer
0.34715	0.290155	0.233161	0.129534
0.0	0.974093	0.005181	0.020725
0.0	0.911917	0.0	0.088083
0.0	1.0	0.0	0.0
0.0	1.0	0.0	0.0
0.0	0.0	0.0	1.0
0.601036	0.0	0.082902	0.316062
0.212435	0.0	0.036269	0.751295
0.321244	0.290155	0.051813	0.336788

/NAME=[Badis] YER184C_TRH1 TYPE=PSFM SPECIES=S.cer
0.288461	0.365384	0.057692	0.288461
0.01923	0.173076	0.096153	0.711538
0.0	0.76923	0.153846	0.076923
0.0	1.0	0.0	0.0
0.0	0.0	1.0	0.0
0.0	0.0	1.0	0.0
0.692307	0.307692	0.0	0.0
0.461538	0.153846	0.230769	0.153846

/NAME=[Badis] YGR067C_TRH1 TYPE=PSFM SPECIES=S.cer
0.358178	0.236025	0.269151	0.136646
0.0	1.0	0.0	0.0
0.0	0.987578	0.0	0.012422
0.0	1.0	0.0	0.0
0.006211	0.993789	0.0	0.0
0.407867	0.004141	0.308489	0.279503
0.0	0.981366	0.008282	0.010352
0.26501	0.26087	0.165631	0.308489
0.229814	0.256729	0.202899	0.310559
0.240166	0.258799	0.202899	0.298137
0.252588	0.238095	0.252588	0.256729
0.254658	0.219462	0.26087	0.26501
0.219462	0.26087	0.256729	0.26294
0.256729	0.238095	0.258799	0.246377

/NAME=[Badis] YJL103C_TRH1 TYPE=PSFM SPECIES=S.cer
0.393333	0.206666	0.193333	0.206666
0.26	0.246666	0.273333	0.22
0.153333	0.433333	0.166666	0.246666
0.123333	0.296666	0.096666	0.483333
0.02	0.94	0.02	0.02
0.003333	0.99	0.003333	0.003333
0.003333	0.07	0.923333	0.003333
0.05	0.01	0.93	0.01
0.58	0.073333	0.26	0.086666
0.26	0.166666	0.46	0.113333
0.353333	0.26	0.18	0.206666

/NAME=[Badis] YKL222C_TRH1 TYPE=PSFM SPECIES=S.cer
0.479166	0.229166	0.145833	0.145833
0.6875	0.104166	0.1875	0.020833
0.0	1.0	0.0	0.0
0.0	0.0	1.0	0.0
0.0	0.0	1.0	0.0
0.916666	0.0	0.083333	0.0
0.520833	0.020833	0.4375	0.020833
0.645833	0.0625	0.0625	0.229166
0.104166	0.104166	0.104166	0.6875

/NAME=[Badis] YLL054C_TRH1 TYPE=PSFM SPECIES=S.cer
0.0	1.0	0.0	0.0
0.0	0.0	1.0	0.0
0.0	0.0	1.0	0.0
0.214285	0.642857	0.142857	0.0
0.089285	0.660714	0.160714	0.089285
0.125	0.053571	0.767857	0.053571
0.571428	0.142857	0.071428	0.214285

/NAME=[Badis] YLR278C_TRH1 TYPE=PSFM SPECIES=S.cer
0.133928	0.419642	0.133928	0.3125
0.0	1.0	0.0	0.0
0.0	0.0	1.0	0.0
0.0	0.0	1.0	0.0
0.964285	0.0	0.035714	0.0
0.035714	0.142857	0.821428	0.0
0.232142	0.017857	0.053571	0.696428
0.267857	0.053571	0.053571	0.625

/NAME=[Badis] YML081W_TRH1 TYPE=PSFM SPECIES=S.cer
0.315663	0.240964	0.228916	0.214458
0.0	1.0	0.0	0.0
0.0	1.0	0.0	0.0
0.0	1.0	0.0	0.0
0.0	1.0	0.0	0.0
0.301205	0.0	0.356627	0.342169
0.0	1.0	0.0	0.0
0.436145	0.161446	0.026506	0.375904
0.190361	0.349398	0.146988	0.313253

/NAME=[Badis] YNR063W_TRH1 TYPE=PSFM SPECIES=S.cer
0.075	0.075	0.175	0.675
0.0	1.0	0.0	0.0
0.0	0.0	1.0	0.0
0.0	0.0	1.0	0.0
1.0	0.0	0.0	0.0
0.1	0.0	0.8	0.1
0.9	0.0	0.0	0.1
0.325	0.025	0.025	0.625

/NAME=[Badis] YOX1_TRH1 TYPE=PSFM SPECIES=S.cer
0.014705	0.25	0.073529	0.661764
0.0	0.0	0.0	1.0
1.0	0.0	0.0	0.0
1.0	0.0	0.0	0.0
0.0	0.0	0.0	1.0
0.0	0.0	0.0	1.0
0.617647	0.029411	0.147058	0.205882
0.544117	0.132352	0.132352	0.191176

/NAME=[Badis] YPL230W_TRH1 TYPE=PSFM SPECIES=S.cer
0.996835	0.001054	0.001054	0.001054
0.203586	0.001054	0.794303	0.001054
0.001054	0.001054	0.996835	0.001054
0.001054	0.001054	0.996835	0.001054
0.001054	0.001054	0.996835	0.001054

/NAME=[Badis] YPR013C_TRH1 TYPE=PSFM SPECIES=S.cer
0.112232	0.361638	0.112232	0.413895
5.93E-4	5.93E-4	0.998218	5.93E-4
0.09323	0.257125	5.93E-4	0.649049
0.632422	0.261876	5.93E-4	0.105106
0.399643	5.93E-4	0.599168	5.93E-4
0.998218	5.93E-4	5.93E-4	5.93E-4
5.93E-4	5.93E-4	5.93E-4	0.998218
5.93E-4	0.998218	5.93E-4	5.93E-4
0.361638	0.299881	0.169239	0.169239

/NAME=[Badis] YPR022C_TRH1 TYPE=PSFM SPECIES=S.cer
0.146245	0.656126	0.0	0.197628
0.0	1.0	0.0	0.0
0.0	1.0	0.0	0.0
0.0	1.0	0.0	0.0
1.0	0.0	0.0	0.0
0.0	1.0	0.0	0.0
0.225296	0.256917	0.339921	0.177866

/NAME=[Badis] YPR196W_TRH1 TYPE=PSFM SPECIES=S.cer
0.608511	0.0	0.259574	0.131915
0.323404	0.0	0.0	0.676596
0.170213	0.0	0.0	0.829787
0.242553	0.042553	0.021277	0.693617
0.170213	0.438298	0.114894	0.276596
0.123404	0.319149	0.068085	0.489362
0.0	0.92766	0.07234	0.0
0.0	1.0	0.0	0.0
0.025532	0.0	0.92766	0.046809

/NAME=[Badis] YRM1_TRH1 TYPE=PSFM SPECIES=S.cer
0.51	0.15	0.23	0.11
0.02	0.94	0.02	0.02
0.0	0.0	1.0	0.0
0.0	0.0	1.0	0.0
1.0	0.0	0.0	0.0
0.6	0.12	0.16	0.12
0.93	0.01	0.01	0.05
0.12	0.08	0.04	0.76

/NAME=[Badis] YRR1_TRH1 TYPE=PSFM SPECIES=S.cer
0.208861	0.424051	0.221519	0.14557
0.158228	0.158228	0.101266	0.582278
0.221519	0.075949	0.037975	0.664557
0.892405	0.006329	0.018987	0.082278
0.189873	0.088608	0.037975	0.683544
0.278481	0.329114	0.075949	0.316456
0.037975	0.21519	0.06962	0.677215
0.0	1.0	0.0	0.0
0.0	1.0	0.0	0.0
0.031646	0.0	0.949367	0.018987
0.063291	0.411392	0.139241	0.386076

/NAME=[Badis] ZMS1_TRH1 TYPE=PSFM SPECIES=S.cer
0.15	0.15	0.15	0.55
0.3125	0.1125	0.1125	0.4625
0.0	1.0	0.0	0.0
0.0	1.0	0.0	0.0
0.0	1.0	0.0	0.0
0.0	1.0	0.0	0.0
0.1875	0.0375	0.5375	0.2375
0.05	0.85	0.05	0.05
0.5	0.1	0.1	0.3